 time            v(sense)        v(adc)         
 0.00000000e+00  1.65000000e+00  1.65000000e+00 
 1.00000000e-07  1.65000000e+00  1.65000000e+00 
 2.00000000e-07  1.65000000e+00  1.65000000e+00 
 4.00000000e-07  1.65000000e+00  1.65000000e+00 
 8.00000000e-07  1.65000000e+00  1.65000000e+00 
 1.60000000e-06  1.65000000e+00  1.65000000e+00 
 3.20000000e-06  1.65000000e+00  1.65000000e+00 
 6.40000000e-06  1.65000000e+00  1.65000000e+00 
 1.28000000e-05  1.65000000e+00  1.65000000e+00 
 2.28000000e-05  1.65000000e+00  1.65000000e+00 
 3.28000000e-05  1.65000000e+00  1.65000000e+00 
 4.28000000e-05  1.65000000e+00  1.65000000e+00 
 5.28000000e-05  1.65000000e+00  1.65000000e+00 
 6.28000000e-05  1.65000000e+00  1.65000000e+00 
 7.28000000e-05  1.65000000e+00  1.65000000e+00 
 8.28000000e-05  1.65000000e+00  1.65000000e+00 
 9.28000000e-05  1.65000000e+00  1.65000000e+00 
 1.02800000e-04  1.65000000e+00  1.65000000e+00 
 1.12800000e-04  1.65000000e+00  1.65000000e+00 
 1.22800000e-04  1.65000000e+00  1.65000000e+00 
 1.32800000e-04  1.65000000e+00  1.65000000e+00 
 1.42800000e-04  1.65000000e+00  1.65000000e+00 
 1.52800000e-04  1.65000000e+00  1.65000000e+00 
 1.62800000e-04  1.65000000e+00  1.65000000e+00 
 1.72800000e-04  1.65000000e+00  1.65000000e+00 
 1.82800000e-04  1.65000000e+00  1.65000000e+00 
 1.92800000e-04  1.65000000e+00  1.65000000e+00 
 2.02800000e-04  1.65000000e+00  1.65000000e+00 
 2.12800000e-04  1.65000000e+00  1.65000000e+00 
 2.22800000e-04  1.65000000e+00  1.65000000e+00 
 2.32800000e-04  1.65000000e+00  1.65000000e+00 
 2.42800000e-04  1.65000000e+00  1.65000000e+00 
 2.52800000e-04  1.65000000e+00  1.65000000e+00 
 2.62800000e-04  1.65000000e+00  1.65000000e+00 
 2.72800000e-04  1.65000000e+00  1.65000000e+00 
 2.82800000e-04  1.65000000e+00  1.65000000e+00 
 2.92800000e-04  1.65000000e+00  1.65000000e+00 
 3.02800000e-04  1.65000000e+00  1.65000000e+00 
 3.12800000e-04  1.65000000e+00  1.65000000e+00 
 3.22800000e-04  1.65000000e+00  1.65000000e+00 
 3.32800000e-04  1.65000000e+00  1.65000000e+00 
 3.42800000e-04  1.65000000e+00  1.65000000e+00 
 3.52800000e-04  1.65000000e+00  1.65000000e+00 
 3.62800000e-04  1.65000000e+00  1.65000000e+00 
 3.72800000e-04  1.65000000e+00  1.65000000e+00 
 3.82800000e-04  1.65000000e+00  1.65000000e+00 
 3.92800000e-04  1.65000000e+00  1.65000000e+00 
 4.02800000e-04  1.65000000e+00  1.65000000e+00 
 4.12800000e-04  1.65000000e+00  1.65000000e+00 
 4.22800000e-04  1.65000000e+00  1.65000000e+00 
 4.32800000e-04  1.65000000e+00  1.65000000e+00 
 4.42800000e-04  1.65000000e+00  1.65000000e+00 
 4.52800000e-04  1.65000000e+00  1.65000000e+00 
 4.62800000e-04  1.65000000e+00  1.65000000e+00 
 4.72800000e-04  1.65000000e+00  1.65000000e+00 
 4.82800000e-04  1.65000000e+00  1.65000000e+00 
 4.92800000e-04  1.65000000e+00  1.65000000e+00 
 5.02800000e-04  1.65000000e+00  1.65000000e+00 
 5.12800000e-04  1.65000000e+00  1.65000000e+00 
 5.22800000e-04  1.65000000e+00  1.65000000e+00 
 5.32800000e-04  1.65000000e+00  1.65000000e+00 
 5.42800000e-04  1.65000000e+00  1.65000000e+00 
 5.52800000e-04  1.65000000e+00  1.65000000e+00 
 5.62800000e-04  1.65000000e+00  1.65000000e+00 
 5.72800000e-04  1.65000000e+00  1.65000000e+00 
 5.82800000e-04  1.65000000e+00  1.65000000e+00 
 5.92800000e-04  1.65000000e+00  1.65000000e+00 
 6.02800000e-04  1.65000000e+00  1.65000000e+00 
 6.12800000e-04  1.65000000e+00  1.65000000e+00 
 6.22800000e-04  1.65000000e+00  1.65000000e+00 
 6.32800000e-04  1.65000000e+00  1.65000000e+00 
 6.42800000e-04  1.65000000e+00  1.65000000e+00 
 6.52800000e-04  1.65000000e+00  1.65000000e+00 
 6.62800000e-04  1.65000000e+00  1.65000000e+00 
 6.72800000e-04  1.65000000e+00  1.65000000e+00 
 6.82800000e-04  1.65000000e+00  1.65000000e+00 
 6.92800000e-04  1.65000000e+00  1.65000000e+00 
 7.02800000e-04  1.65000000e+00  1.65000000e+00 
 7.12800000e-04  1.65000000e+00  1.65000000e+00 
 7.22800000e-04  1.65000000e+00  1.65000000e+00 
 7.32800000e-04  1.65000000e+00  1.65000000e+00 
 7.42800000e-04  1.65000000e+00  1.65000000e+00 
 7.52800000e-04  1.65000000e+00  1.65000000e+00 
 7.62800000e-04  1.65000000e+00  1.65000000e+00 
 7.72800000e-04  1.65000000e+00  1.65000000e+00 
 7.82800000e-04  1.65000000e+00  1.65000000e+00 
 7.92800000e-04  1.65000000e+00  1.65000000e+00 
 8.02800000e-04  1.65000000e+00  1.65000000e+00 
 8.12800000e-04  1.65000000e+00  1.65000000e+00 
 8.22800000e-04  1.65000000e+00  1.65000000e+00 
 8.32800000e-04  1.65000000e+00  1.65000000e+00 
 8.42800000e-04  1.65000000e+00  1.65000000e+00 
 8.52800000e-04  1.65000000e+00  1.65000000e+00 
 8.62800000e-04  1.65000000e+00  1.65000000e+00 
 8.72800000e-04  1.65000000e+00  1.65000000e+00 
 8.82800000e-04  1.65000000e+00  1.65000000e+00 
 8.92800000e-04  1.65000000e+00  1.65000000e+00 
 9.02800000e-04  1.65000000e+00  1.65000000e+00 
 9.12800000e-04  1.65000000e+00  1.65000000e+00 
 9.22800000e-04  1.65000000e+00  1.65000000e+00 
 9.32800000e-04  1.65000000e+00  1.65000000e+00 
 9.42800000e-04  1.65000000e+00  1.65000000e+00 
 9.52800000e-04  1.65000000e+00  1.65000000e+00 
 9.62800000e-04  1.65000000e+00  1.65000000e+00 
 9.72800000e-04  1.65000000e+00  1.65000000e+00 
 9.82800000e-04  1.65000000e+00  1.65000000e+00 
 9.92800000e-04  1.65000000e+00  1.65000000e+00 
 1.00000000e-03  1.65000000e+00  1.65000000e+00 
 1.00010000e-03  1.75000000e+00  1.65001000e+00 
 1.00030000e-03  1.95000000e+00  1.65004999e+00 
 1.00070000e-03  2.35000000e+00  1.65024993e+00 
 1.00100000e-03  2.65000000e+00  1.65050482e+00 
 1.00108000e-03  2.65000000e+00  1.65058477e+00 
 1.00124000e-03  2.65000000e+00  1.65074467e+00 
 1.00156000e-03  2.65000000e+00  1.65106438e+00 
 1.00220000e-03  2.65000000e+00  1.65170349e+00 
 1.00348000e-03  2.65000000e+00  1.65298049e+00 
 1.00604000e-03  2.65000000e+00  1.65552960e+00 
 1.01116000e-03  2.65000000e+00  1.66060829e+00 
 1.02116000e-03  2.65000000e+00  1.67045298e+00 
 1.03116000e-03  2.65000000e+00  1.68019972e+00 
 1.04116000e-03  2.65000000e+00  1.68984947e+00 
 1.05116000e-03  2.65000000e+00  1.69940321e+00 
 1.06116000e-03  2.65000000e+00  1.70886188e+00 
 1.07116000e-03  2.65000000e+00  1.71822644e+00 
 1.08116000e-03  2.65000000e+00  1.72749782e+00 
 1.09116000e-03  2.65000000e+00  1.73667695e+00 
 1.10116000e-03  2.65000000e+00  1.74576474e+00 
 1.11116000e-03  2.65000000e+00  1.75476210e+00 
 1.12116000e-03  2.65000000e+00  1.76366994e+00 
 1.13116000e-03  2.65000000e+00  1.77248915e+00 
 1.14116000e-03  2.65000000e+00  1.78122060e+00 
 1.15116000e-03  2.65000000e+00  1.78986517e+00 
 1.16116000e-03  2.65000000e+00  1.79842373e+00 
 1.17116000e-03  2.65000000e+00  1.80689712e+00 
 1.18116000e-03  2.65000000e+00  1.81528621e+00 
 1.19116000e-03  2.65000000e+00  1.82359182e+00 
 1.20116000e-03  2.65000000e+00  1.83181478e+00 
 1.21116000e-03  2.65000000e+00  1.83995593e+00 
 1.22116000e-03  2.65000000e+00  1.84801607e+00 
 1.23116000e-03  2.65000000e+00  1.85599601e+00 
 1.24116000e-03  2.65000000e+00  1.86389655e+00 
 1.25116000e-03  2.65000000e+00  1.87171847e+00 
 1.26116000e-03  2.65000000e+00  1.87946257e+00 
 1.27116000e-03  2.65000000e+00  1.88712960e+00 
 1.28116000e-03  2.65000000e+00  1.89472035e+00 
 1.29116000e-03  2.65000000e+00  1.90223557e+00 
 1.30116000e-03  2.65000000e+00  1.90967602e+00 
 1.31116000e-03  2.65000000e+00  1.91704242e+00 
 1.32116000e-03  2.65000000e+00  1.92433553e+00 
 1.33116000e-03  2.65000000e+00  1.93155608e+00 
 1.34116000e-03  2.65000000e+00  1.93870477e+00 
 1.35116000e-03  2.65000000e+00  1.94578234e+00 
 1.36116000e-03  2.65000000e+00  1.95278948e+00 
 1.37116000e-03  2.65000000e+00  1.95972690e+00 
 1.38116000e-03  2.65000000e+00  1.96659529e+00 
 1.39116000e-03  2.65000000e+00  1.97339533e+00 
 1.40116000e-03  2.65000000e+00  1.98012772e+00 
 1.41116000e-03  2.65000000e+00  1.98679311e+00 
 1.42116000e-03  2.65000000e+00  1.99339219e+00 
 1.43116000e-03  2.65000000e+00  1.99992560e+00 
 1.44116000e-03  2.65000000e+00  2.00639400e+00 
 1.45116000e-03  2.65000000e+00  2.01279804e+00 
 1.46116000e-03  2.65000000e+00  2.01913836e+00 
 1.47116000e-03  2.65000000e+00  2.02541559e+00 
 1.48116000e-03  2.65000000e+00  2.03163036e+00 
 1.49116000e-03  2.65000000e+00  2.03778329e+00 
 1.50116000e-03  2.65000000e+00  2.04387500e+00 
 1.51116000e-03  2.65000000e+00  2.04990609e+00 
 1.52116000e-03  2.65000000e+00  2.05587718e+00 
 1.53116000e-03  2.65000000e+00  2.06178885e+00 
 1.54116000e-03  2.65000000e+00  2.06764169e+00 
 1.55116000e-03  2.65000000e+00  2.07343630e+00 
 1.56116000e-03  2.65000000e+00  2.07917326e+00 
 1.57116000e-03  2.65000000e+00  2.08485312e+00 
 1.58116000e-03  2.65000000e+00  2.09047648e+00 
 1.59116000e-03  2.65000000e+00  2.09604387e+00 
 1.60116000e-03  2.65000000e+00  2.10155588e+00 
 1.61116000e-03  2.65000000e+00  2.10701303e+00 
 1.62116000e-03  2.65000000e+00  2.11241589e+00 
 1.63116000e-03  2.65000000e+00  2.11776498e+00 
 1.64116000e-03  2.65000000e+00  2.12306085e+00 
 1.65116000e-03  2.65000000e+00  2.12830403e+00 
 1.66116000e-03  2.65000000e+00  2.13349503e+00 
 1.67116000e-03  2.65000000e+00  2.13863439e+00 
 1.68116000e-03  2.65000000e+00  2.14372260e+00 
 1.69116000e-03  2.65000000e+00  2.14876019e+00 
 1.70116000e-03  2.65000000e+00  2.15374765e+00 
 1.71116000e-03  2.65000000e+00  2.15868548e+00 
 1.72116000e-03  2.65000000e+00  2.16357418e+00 
 1.73116000e-03  2.65000000e+00  2.16841424e+00 
 1.74116000e-03  2.65000000e+00  2.17320614e+00 
 1.75116000e-03  2.65000000e+00  2.17795036e+00 
 1.76116000e-03  2.65000000e+00  2.18264737e+00 
 1.77116000e-03  2.65000000e+00  2.18729764e+00 
 1.78116000e-03  2.65000000e+00  2.19190165e+00 
 1.79116000e-03  2.65000000e+00  2.19645984e+00 
 1.80116000e-03  2.65000000e+00  2.20097268e+00 
 1.81116000e-03  2.65000000e+00  2.20544061e+00 
 1.82116000e-03  2.65000000e+00  2.20986409e+00 
 1.83116000e-03  2.65000000e+00  2.21424355e+00 
 1.84116000e-03  2.65000000e+00  2.21857943e+00 
 1.85116000e-03  2.65000000e+00  2.22287218e+00 
 1.86116000e-03  2.65000000e+00  2.22712220e+00 
 1.87116000e-03  2.65000000e+00  2.23132994e+00 
 1.88116000e-03  2.65000000e+00  2.23549581e+00 
 1.89116000e-03  2.65000000e+00  2.23962023e+00 
 1.90116000e-03  2.65000000e+00  2.24370362e+00 
 1.91116000e-03  2.65000000e+00  2.24774637e+00 
 1.92116000e-03  2.65000000e+00  2.25174889e+00 
 1.93116000e-03  2.65000000e+00  2.25571159e+00 
 1.94116000e-03  2.65000000e+00  2.25963485e+00 
 1.95116000e-03  2.65000000e+00  2.26351908e+00 
 1.96116000e-03  2.65000000e+00  2.26736467e+00 
 1.97116000e-03  2.65000000e+00  2.27117198e+00 
 1.98116000e-03  2.65000000e+00  2.27494142e+00 
 1.99116000e-03  2.65000000e+00  2.27867334e+00 
 2.00116000e-03  2.65000000e+00  2.28236813e+00 
 2.01116000e-03  2.65000000e+00  2.28602616e+00 
 2.02116000e-03  2.65000000e+00  2.28964779e+00 
 2.03116000e-03  2.65000000e+00  2.29323339e+00 
 2.04116000e-03  2.65000000e+00  2.29678330e+00 
 2.05116000e-03  2.65000000e+00  2.30029790e+00 
 2.06116000e-03  2.65000000e+00  2.30377752e+00 
 2.07116000e-03  2.65000000e+00  2.30722252e+00 
 2.08116000e-03  2.65000000e+00  2.31063324e+00 
 2.09116000e-03  2.65000000e+00  2.31401003e+00 
 2.10116000e-03  2.65000000e+00  2.31735321e+00 
 2.11116000e-03  2.65000000e+00  2.32066313e+00 
 2.12116000e-03  2.65000000e+00  2.32394011e+00 
 2.13116000e-03  2.65000000e+00  2.32718449e+00 
 2.14116000e-03  2.65000000e+00  2.33039658e+00 
 2.15116000e-03  2.65000000e+00  2.33357672e+00 
 2.16116000e-03  2.65000000e+00  2.33672521e+00 
 2.17116000e-03  2.65000000e+00  2.33984237e+00 
 2.18116000e-03  2.65000000e+00  2.34292851e+00 
 2.19116000e-03  2.65000000e+00  2.34598395e+00 
 2.20116000e-03  2.65000000e+00  2.34900899e+00 
 2.21116000e-03  2.65000000e+00  2.35200392e+00 
 2.22116000e-03  2.65000000e+00  2.35496906e+00 
 2.23116000e-03  2.65000000e+00  2.35790469e+00 
 2.24116000e-03  2.65000000e+00  2.36081111e+00 
 2.25116000e-03  2.65000000e+00  2.36368861e+00 
 2.26116000e-03  2.65000000e+00  2.36653748e+00 
 2.27116000e-03  2.65000000e+00  2.36935800e+00 
 2.28116000e-03  2.65000000e+00  2.37215046e+00 
 2.29116000e-03  2.65000000e+00  2.37491513e+00 
 2.30116000e-03  2.65000000e+00  2.37765230e+00 
 2.31116000e-03  2.65000000e+00  2.38036222e+00 
 2.32116000e-03  2.65000000e+00  2.38304519e+00 
 2.33116000e-03  2.65000000e+00  2.38570145e+00 
 2.34116000e-03  2.65000000e+00  2.38833129e+00 
 2.35116000e-03  2.65000000e+00  2.39093496e+00 
 2.36116000e-03  2.65000000e+00  2.39351272e+00 
 2.37116000e-03  2.65000000e+00  2.39606483e+00 
 2.38116000e-03  2.65000000e+00  2.39859155e+00 
 2.39116000e-03  2.65000000e+00  2.40109313e+00 
 2.40116000e-03  2.65000000e+00  2.40356981e+00 
 2.41116000e-03  2.65000000e+00  2.40602185e+00 
 2.42116000e-03  2.65000000e+00  2.40844950e+00 
 2.43116000e-03  2.65000000e+00  2.41085298e+00 
 2.44116000e-03  2.65000000e+00  2.41323256e+00 
 2.45116000e-03  2.65000000e+00  2.41558845e+00 
 2.46116000e-03  2.65000000e+00  2.41792091e+00 
 2.47116000e-03  2.65000000e+00  2.42023015e+00 
 2.48116000e-03  2.65000000e+00  2.42251642e+00 
 2.49116000e-03  2.65000000e+00  2.42477994e+00 
 2.50116000e-03  2.65000000e+00  2.42702093e+00 
 2.51116000e-03  2.65000000e+00  2.42923963e+00 
 2.52116000e-03  2.65000000e+00  2.43143625e+00 
 2.53116000e-03  2.65000000e+00  2.43361101e+00 
 2.54116000e-03  2.65000000e+00  2.43576414e+00 
 2.55116000e-03  2.65000000e+00  2.43789584e+00 
 2.56116000e-03  2.65000000e+00  2.44000633e+00 
 2.57116000e-03  2.65000000e+00  2.44209582e+00 
 2.58116000e-03  2.65000000e+00  2.44416451e+00 
 2.59116000e-03  2.65000000e+00  2.44621263e+00 
 2.60116000e-03  2.65000000e+00  2.44824036e+00 
 2.61116000e-03  2.65000000e+00  2.45024792e+00 
 2.62116000e-03  2.65000000e+00  2.45223550e+00 
 2.63116000e-03  2.65000000e+00  2.45420331e+00 
 2.64116000e-03  2.65000000e+00  2.45615154e+00 
 2.65116000e-03  2.65000000e+00  2.45808038e+00 
 2.66116000e-03  2.65000000e+00  2.45999002e+00 
 2.67116000e-03  2.65000000e+00  2.46188067e+00 
 2.68116000e-03  2.65000000e+00  2.46375251e+00 
 2.69116000e-03  2.65000000e+00  2.46560571e+00 
 2.70116000e-03  2.65000000e+00  2.46744048e+00 
 2.71116000e-03  2.65000000e+00  2.46925700e+00 
 2.72116000e-03  2.65000000e+00  2.47105543e+00 
 2.73116000e-03  2.65000000e+00  2.47283598e+00 
 2.74116000e-03  2.65000000e+00  2.47459880e+00 
 2.75116000e-03  2.65000000e+00  2.47634409e+00 
 2.76116000e-03  2.65000000e+00  2.47807201e+00 
 2.77116000e-03  2.65000000e+00  2.47978273e+00 
 2.78116000e-03  2.65000000e+00  2.48147644e+00 
 2.79116000e-03  2.65000000e+00  2.48315329e+00 
 2.80116000e-03  2.65000000e+00  2.48481346e+00 
 2.81116000e-03  2.65000000e+00  2.48645710e+00 
 2.82116000e-03  2.65000000e+00  2.48808440e+00 
 2.83116000e-03  2.65000000e+00  2.48969550e+00 
 2.84116000e-03  2.65000000e+00  2.49129057e+00 
 2.85116000e-03  2.65000000e+00  2.49286976e+00 
 2.86116000e-03  2.65000000e+00  2.49443325e+00 
 2.87116000e-03  2.65000000e+00  2.49598118e+00 
 2.88116000e-03  2.65000000e+00  2.49751370e+00 
 2.89116000e-03  2.65000000e+00  2.49903098e+00 
 2.90116000e-03  2.65000000e+00  2.50053316e+00 
 2.91116000e-03  2.65000000e+00  2.50202039e+00 
 2.92116000e-03  2.65000000e+00  2.50349282e+00 
 2.93116000e-03  2.65000000e+00  2.50495061e+00 
 2.94116000e-03  2.65000000e+00  2.50639389e+00 
 2.95116000e-03  2.65000000e+00  2.50782280e+00 
 2.96116000e-03  2.65000000e+00  2.50923750e+00 
 2.97116000e-03  2.65000000e+00  2.51063812e+00 
 2.98116000e-03  2.65000000e+00  2.51202481e+00 
 2.99116000e-03  2.65000000e+00  2.51339769e+00 
 3.00116000e-03  2.65000000e+00  2.51475692e+00 
 3.01116000e-03  2.65000000e+00  2.51610262e+00 
 3.02116000e-03  2.65000000e+00  2.51743494e+00 
 3.03116000e-03  2.65000000e+00  2.51875399e+00 
 3.04116000e-03  2.65000000e+00  2.52005992e+00 
 3.05116000e-03  2.65000000e+00  2.52135286e+00 
 3.06116000e-03  2.65000000e+00  2.52263293e+00 
 3.07116000e-03  2.65000000e+00  2.52390026e+00 
 3.08116000e-03  2.65000000e+00  2.52515499e+00 
 3.09116000e-03  2.65000000e+00  2.52639723e+00 
 3.10116000e-03  2.65000000e+00  2.52762710e+00 
 3.11116000e-03  2.65000000e+00  2.52884475e+00 
 3.12116000e-03  2.65000000e+00  2.53005027e+00 
 3.13116000e-03  2.65000000e+00  2.53124380e+00 
 3.14116000e-03  2.65000000e+00  2.53242545e+00 
 3.15116000e-03  2.65000000e+00  2.53359535e+00 
 3.16116000e-03  2.65000000e+00  2.53475360e+00 
 3.17116000e-03  2.65000000e+00  2.53590033e+00 
 3.18116000e-03  2.65000000e+00  2.53703565e+00 
 3.19116000e-03  2.65000000e+00  2.53815968e+00 
 3.20116000e-03  2.65000000e+00  2.53927252e+00 
 3.21116000e-03  2.65000000e+00  2.54037428e+00 
 3.22116000e-03  2.65000000e+00  2.54146509e+00 
 3.23116000e-03  2.65000000e+00  2.54254504e+00 
 3.24116000e-03  2.65000000e+00  2.54361424e+00 
 3.25116000e-03  2.65000000e+00  2.54467280e+00 
 3.26116000e-03  2.65000000e+00  2.54572084e+00 
 3.27116000e-03  2.65000000e+00  2.54675844e+00 
 3.28116000e-03  2.65000000e+00  2.54778572e+00 
 3.29116000e-03  2.65000000e+00  2.54880278e+00 
 3.30116000e-03  2.65000000e+00  2.54980971e+00 
 3.31116000e-03  2.65000000e+00  2.55080663e+00 
 3.32116000e-03  2.65000000e+00  2.55179363e+00 
 3.33116000e-03  2.65000000e+00  2.55277081e+00 
 3.34116000e-03  2.65000000e+00  2.55373826e+00 
 3.35116000e-03  2.65000000e+00  2.55469609e+00 
 3.36116000e-03  2.65000000e+00  2.55564439e+00 
 3.37116000e-03  2.65000000e+00  2.55658325e+00 
 3.38116000e-03  2.65000000e+00  2.55751277e+00 
 3.39116000e-03  2.65000000e+00  2.55843304e+00 
 3.40116000e-03  2.65000000e+00  2.55934416e+00 
 3.41116000e-03  2.65000000e+00  2.56024620e+00 
 3.42116000e-03  2.65000000e+00  2.56113928e+00 
 3.43116000e-03  2.65000000e+00  2.56202346e+00 
 3.44116000e-03  2.65000000e+00  2.56289885e+00 
 3.45116000e-03  2.65000000e+00  2.56376553e+00 
 3.46116000e-03  2.65000000e+00  2.56462358e+00 
 3.47116000e-03  2.65000000e+00  2.56547310e+00 
 3.48116000e-03  2.65000000e+00  2.56631416e+00 
 3.49116000e-03  2.65000000e+00  2.56714686e+00 
 3.50116000e-03  2.65000000e+00  2.56797127e+00 
 3.51116000e-03  2.65000000e+00  2.56878747e+00 
 3.52116000e-03  2.65000000e+00  2.56959556e+00 
 3.53116000e-03  2.65000000e+00  2.57039560e+00 
 3.54116000e-03  2.65000000e+00  2.57118769e+00 
 3.55116000e-03  2.65000000e+00  2.57197189e+00 
 3.56116000e-03  2.65000000e+00  2.57274829e+00 
 3.57116000e-03  2.65000000e+00  2.57351696e+00 
 3.58116000e-03  2.65000000e+00  2.57427799e+00 
 3.59116000e-03  2.65000000e+00  2.57503144e+00 
 3.60116000e-03  2.65000000e+00  2.57577740e+00 
 3.61116000e-03  2.65000000e+00  2.57651593e+00 
 3.62116000e-03  2.65000000e+00  2.57724711e+00 
 3.63116000e-03  2.65000000e+00  2.57797102e+00 
 3.64116000e-03  2.65000000e+00  2.57868773e+00 
 3.65116000e-03  2.65000000e+00  2.57939730e+00 
 3.66116000e-03  2.65000000e+00  2.58009982e+00 
 3.67116000e-03  2.65000000e+00  2.58079534e+00 
 3.68116000e-03  2.65000000e+00  2.58148395e+00 
 3.69116000e-03  2.65000000e+00  2.58216570e+00 
 3.70116000e-03  2.65000000e+00  2.58284067e+00 
 3.71116000e-03  2.65000000e+00  2.58350892e+00 
 3.72116000e-03  2.65000000e+00  2.58417052e+00 
 3.73116000e-03  2.65000000e+00  2.58482554e+00 
 3.74116000e-03  2.65000000e+00  2.58547404e+00 
 3.75116000e-03  2.65000000e+00  2.58611609e+00 
 3.76116000e-03  2.65000000e+00  2.58675175e+00 
 3.77116000e-03  2.65000000e+00  2.58738109e+00 
 3.78116000e-03  2.65000000e+00  2.58800416e+00 
 3.79116000e-03  2.65000000e+00  2.58862104e+00 
 3.80116000e-03  2.65000000e+00  2.58923177e+00 
 3.81116000e-03  2.65000000e+00  2.58983643e+00 
 3.82116000e-03  2.65000000e+00  2.59043507e+00 
 3.83116000e-03  2.65000000e+00  2.59102776e+00 
 3.84116000e-03  2.65000000e+00  2.59161455e+00 
 3.85116000e-03  2.65000000e+00  2.59219550e+00 
 3.86116000e-03  2.65000000e+00  2.59277067e+00 
 3.87116000e-03  2.65000000e+00  2.59334011e+00 
 3.88116000e-03  2.65000000e+00  2.59390389e+00 
 3.89116000e-03  2.65000000e+00  2.59446206e+00 
 3.90116000e-03  2.65000000e+00  2.59501468e+00 
 3.91116000e-03  2.65000000e+00  2.59556180e+00 
 3.92116000e-03  2.65000000e+00  2.59610347e+00 
 3.93116000e-03  2.65000000e+00  2.59663976e+00 
 3.94116000e-03  2.65000000e+00  2.59717070e+00 
 3.95116000e-03  2.65000000e+00  2.59769637e+00 
 3.96116000e-03  2.65000000e+00  2.59821680e+00 
 3.97116000e-03  2.65000000e+00  2.59873206e+00 
 3.98116000e-03  2.65000000e+00  2.59924219e+00 
 3.99116000e-03  2.65000000e+00  2.59974724e+00 
 4.00116000e-03  2.65000000e+00  2.60024727e+00 
 4.01116000e-03  2.65000000e+00  2.60074232e+00 
 4.02116000e-03  2.65000000e+00  2.60123244e+00 
 4.03116000e-03  2.65000000e+00  2.60171769e+00 
 4.04116000e-03  2.65000000e+00  2.60219812e+00 
 4.05116000e-03  2.65000000e+00  2.60267376e+00 
 4.06116000e-03  2.65000000e+00  2.60314466e+00 
 4.07116000e-03  2.65000000e+00  2.60361089e+00 
 4.08116000e-03  2.65000000e+00  2.60407247e+00 
 4.09116000e-03  2.65000000e+00  2.60452946e+00 
 4.10116000e-03  2.65000000e+00  2.60498190e+00 
 4.11116000e-03  2.65000000e+00  2.60542984e+00 
 4.12116000e-03  2.65000000e+00  2.60587333e+00 
 4.13116000e-03  2.65000000e+00  2.60631240e+00 
 4.14116000e-03  2.65000000e+00  2.60674710e+00 
 4.15116000e-03  2.65000000e+00  2.60717748e+00 
 4.16116000e-03  2.65000000e+00  2.60760357e+00 
 4.17116000e-03  2.65000000e+00  2.60802543e+00 
 4.18116000e-03  2.65000000e+00  2.60844309e+00 
 4.19116000e-03  2.65000000e+00  2.60885659e+00 
 4.20116000e-03  2.65000000e+00  2.60926597e+00 
 4.21116000e-03  2.65000000e+00  2.60967129e+00 
 4.22116000e-03  2.65000000e+00  2.61007257e+00 
 4.23116000e-03  2.65000000e+00  2.61046986e+00 
 4.24116000e-03  2.65000000e+00  2.61086319e+00 
 4.25116000e-03  2.65000000e+00  2.61125261e+00 
 4.26116000e-03  2.65000000e+00  2.61163816e+00 
 4.27116000e-03  2.65000000e+00  2.61201987e+00 
 4.28116000e-03  2.65000000e+00  2.61239778e+00 
 4.29116000e-03  2.65000000e+00  2.61277193e+00 
 4.30116000e-03  2.65000000e+00  2.61314236e+00 
 4.31116000e-03  2.65000000e+00  2.61350910e+00 
 4.32116000e-03  2.65000000e+00  2.61387220e+00 
 4.33116000e-03  2.65000000e+00  2.61423168e+00 
 4.34116000e-03  2.65000000e+00  2.61458758e+00 
 4.35116000e-03  2.65000000e+00  2.61493994e+00 
 4.36116000e-03  2.65000000e+00  2.61528880e+00 
 4.37116000e-03  2.65000000e+00  2.61563418e+00 
 4.38116000e-03  2.65000000e+00  2.61597613e+00 
 4.39116000e-03  2.65000000e+00  2.61631468e+00 
 4.40116000e-03  2.65000000e+00  2.61664986e+00 
 4.41116000e-03  2.65000000e+00  2.61698170e+00 
 4.42116000e-03  2.65000000e+00  2.61731024e+00 
 4.43116000e-03  2.65000000e+00  2.61763551e+00 
 4.44116000e-03  2.65000000e+00  2.61795755e+00 
 4.45116000e-03  2.65000000e+00  2.61827638e+00 
 4.46116000e-03  2.65000000e+00  2.61859203e+00 
 4.47116000e-03  2.65000000e+00  2.61890455e+00 
 4.48116000e-03  2.65000000e+00  2.61921396e+00 
 4.49116000e-03  2.65000000e+00  2.61952029e+00 
 4.50116000e-03  2.65000000e+00  2.61982357e+00 
 4.51116000e-03  2.65000000e+00  2.62012383e+00 
 4.52116000e-03  2.65000000e+00  2.62042111e+00 
 4.53116000e-03  2.65000000e+00  2.62071542e+00 
 4.54116000e-03  2.65000000e+00  2.62100681e+00 
 4.55116000e-03  2.65000000e+00  2.62129530e+00 
 4.56116000e-03  2.65000000e+00  2.62158092e+00 
 4.57116000e-03  2.65000000e+00  2.62186370e+00 
 4.58116000e-03  2.65000000e+00  2.62214366e+00 
 4.59116000e-03  2.65000000e+00  2.62242084e+00 
 4.60116000e-03  2.65000000e+00  2.62269526e+00 
 4.61116000e-03  2.65000000e+00  2.62296695e+00 
 4.62116000e-03  2.65000000e+00  2.62323593e+00 
 4.63116000e-03  2.65000000e+00  2.62350224e+00 
 4.64116000e-03  2.65000000e+00  2.62376590e+00 
 4.65116000e-03  2.65000000e+00  2.62402694e+00 
 4.66116000e-03  2.65000000e+00  2.62428537e+00 
 4.67116000e-03  2.65000000e+00  2.62454124e+00 
 4.68116000e-03  2.65000000e+00  2.62479456e+00 
 4.69116000e-03  2.65000000e+00  2.62504536e+00 
 4.70116000e-03  2.65000000e+00  2.62529367e+00 
 4.71116000e-03  2.65000000e+00  2.62553950e+00 
 4.72116000e-03  2.65000000e+00  2.62578289e+00 
 4.73116000e-03  2.65000000e+00  2.62602386e+00 
 4.74116000e-03  2.65000000e+00  2.62626242e+00 
 4.75116000e-03  2.65000000e+00  2.62649862e+00 
 4.76116000e-03  2.65000000e+00  2.62673246e+00 
 4.77116000e-03  2.65000000e+00  2.62696398e+00 
 4.78116000e-03  2.65000000e+00  2.62719320e+00 
 4.79116000e-03  2.65000000e+00  2.62742013e+00 
 4.80116000e-03  2.65000000e+00  2.62764480e+00 
 4.81116000e-03  2.65000000e+00  2.62786724e+00 
 4.82116000e-03  2.65000000e+00  2.62808747e+00 
 4.83116000e-03  2.65000000e+00  2.62830551e+00 
 4.84116000e-03  2.65000000e+00  2.62852137e+00 
 4.85116000e-03  2.65000000e+00  2.62873509e+00 
 4.86116000e-03  2.65000000e+00  2.62894668e+00 
 4.87116000e-03  2.65000000e+00  2.62915617e+00 
 4.88116000e-03  2.65000000e+00  2.62936357e+00 
 4.89116000e-03  2.65000000e+00  2.62956891e+00 
 4.90116000e-03  2.65000000e+00  2.62977220e+00 
 4.91116000e-03  2.65000000e+00  2.62997347e+00 
 4.92116000e-03  2.65000000e+00  2.63017274e+00 
 4.93116000e-03  2.65000000e+00  2.63037003e+00 
 4.94116000e-03  2.65000000e+00  2.63056535e+00 
 4.95116000e-03  2.65000000e+00  2.63075873e+00 
 4.96116000e-03  2.65000000e+00  2.63095018e+00 
 4.97116000e-03  2.65000000e+00  2.63113974e+00 
 4.98116000e-03  2.65000000e+00  2.63132740e+00 
 4.99116000e-03  2.65000000e+00  2.63151320e+00 
 5.00116000e-03  2.65000000e+00  2.63169714e+00 
 5.01116000e-03  2.65000000e+00  2.63187926e+00 
 5.02116000e-03  2.65000000e+00  2.63205957e+00 
 5.03116000e-03  2.65000000e+00  2.63223808e+00 
 5.04116000e-03  2.65000000e+00  2.63241482e+00 
 5.05116000e-03  2.65000000e+00  2.63258979e+00 
 5.06116000e-03  2.65000000e+00  2.63276303e+00 
 5.07116000e-03  2.65000000e+00  2.63293454e+00 
 5.08116000e-03  2.65000000e+00  2.63310435e+00 
 5.09116000e-03  2.65000000e+00  2.63327246e+00 
 5.10116000e-03  2.65000000e+00  2.63343891e+00 
 5.11116000e-03  2.65000000e+00  2.63360369e+00 
 5.12116000e-03  2.65000000e+00  2.63376684e+00 
 5.13116000e-03  2.65000000e+00  2.63392836e+00 
 5.14116000e-03  2.65000000e+00  2.63408828e+00 
 5.15116000e-03  2.65000000e+00  2.63424661e+00 
 5.16116000e-03  2.65000000e+00  2.63440336e+00 
 5.17116000e-03  2.65000000e+00  2.63455855e+00 
 5.18116000e-03  2.65000000e+00  2.63471219e+00 
 5.19116000e-03  2.65000000e+00  2.63486431e+00 
 5.20116000e-03  2.65000000e+00  2.63501491e+00 
 5.21116000e-03  2.65000000e+00  2.63516402e+00 
 5.22116000e-03  2.65000000e+00  2.63531164e+00 
 5.23116000e-03  2.65000000e+00  2.63545779e+00 
 5.24116000e-03  2.65000000e+00  2.63560249e+00 
 5.25116000e-03  2.65000000e+00  2.63574575e+00 
 5.26116000e-03  2.65000000e+00  2.63588759e+00 
 5.27116000e-03  2.65000000e+00  2.63602801e+00 
 5.28116000e-03  2.65000000e+00  2.63616703e+00 
 5.29116000e-03  2.65000000e+00  2.63630467e+00 
 5.30116000e-03  2.65000000e+00  2.63644095e+00 
 5.31116000e-03  2.65000000e+00  2.63657586e+00 
 5.32116000e-03  2.65000000e+00  2.63670943e+00 
 5.33116000e-03  2.65000000e+00  2.63684168e+00 
 5.34116000e-03  2.65000000e+00  2.63697261e+00 
 5.35116000e-03  2.65000000e+00  2.63710223e+00 
 5.36116000e-03  2.65000000e+00  2.63723057e+00 
 5.37116000e-03  2.65000000e+00  2.63735763e+00 
 5.38116000e-03  2.65000000e+00  2.63748342e+00 
 5.39116000e-03  2.65000000e+00  2.63760797e+00 
 5.40116000e-03  2.65000000e+00  2.63773127e+00 
 5.41116000e-03  2.65000000e+00  2.63785335e+00 
 5.42116000e-03  2.65000000e+00  2.63797421e+00 
 5.43116000e-03  2.65000000e+00  2.63809387e+00 
 5.44116000e-03  2.65000000e+00  2.63821234e+00 
 5.45116000e-03  2.65000000e+00  2.63832963e+00 
 5.46116000e-03  2.65000000e+00  2.63844575e+00 
 5.47116000e-03  2.65000000e+00  2.63856072e+00 
 5.48116000e-03  2.65000000e+00  2.63867454e+00 
 5.49116000e-03  2.65000000e+00  2.63878723e+00 
 5.50116000e-03  2.65000000e+00  2.63889880e+00 
 5.51116000e-03  2.65000000e+00  2.63900926e+00 
 5.52116000e-03  2.65000000e+00  2.63911862e+00 
 5.53116000e-03  2.65000000e+00  2.63922690e+00 
 5.54116000e-03  2.65000000e+00  2.63933409e+00 
 5.55116000e-03  2.65000000e+00  2.63944022e+00 
 5.56116000e-03  2.65000000e+00  2.63954529e+00 
 5.57116000e-03  2.65000000e+00  2.63964932e+00 
 5.58116000e-03  2.65000000e+00  2.63975231e+00 
 5.59116000e-03  2.65000000e+00  2.63985428e+00 
 5.60116000e-03  2.65000000e+00  2.63995523e+00 
 5.61116000e-03  2.65000000e+00  2.64005518e+00 
 5.62116000e-03  2.65000000e+00  2.64015413e+00 
 5.63116000e-03  2.65000000e+00  2.64025210e+00 
 5.64116000e-03  2.65000000e+00  2.64034909e+00 
 5.65116000e-03  2.65000000e+00  2.64044512e+00 
 5.66116000e-03  2.65000000e+00  2.64054020e+00 
 5.67116000e-03  2.65000000e+00  2.64063432e+00 
 5.68116000e-03  2.65000000e+00  2.64072752e+00 
 5.69116000e-03  2.65000000e+00  2.64081978e+00 
 5.70116000e-03  2.65000000e+00  2.64091112e+00 
 5.71116000e-03  2.65000000e+00  2.64100156e+00 
 5.72116000e-03  2.65000000e+00  2.64109110e+00 
 5.73116000e-03  2.65000000e+00  2.64117974e+00 
 5.74116000e-03  2.65000000e+00  2.64126751e+00 
 5.75116000e-03  2.65000000e+00  2.64135440e+00 
 5.76116000e-03  2.65000000e+00  2.64144042e+00 
 5.77116000e-03  2.65000000e+00  2.64152559e+00 
 5.78116000e-03  2.65000000e+00  2.64160992e+00 
 5.79116000e-03  2.65000000e+00  2.64169340e+00 
 5.80116000e-03  2.65000000e+00  2.64177605e+00 
 5.81116000e-03  2.65000000e+00  2.64185788e+00 
 5.82116000e-03  2.65000000e+00  2.64193890e+00 
 5.83116000e-03  2.65000000e+00  2.64201911e+00 
 5.84116000e-03  2.65000000e+00  2.64209852e+00 
 5.85116000e-03  2.65000000e+00  2.64217714e+00 
 5.86116000e-03  2.65000000e+00  2.64225498e+00 
 5.87116000e-03  2.65000000e+00  2.64233205e+00 
 5.88116000e-03  2.65000000e+00  2.64240834e+00 
 5.89116000e-03  2.65000000e+00  2.64248388e+00 
 5.90116000e-03  2.65000000e+00  2.64255867e+00 
 5.91116000e-03  2.65000000e+00  2.64263271e+00 
 5.92116000e-03  2.65000000e+00  2.64270602e+00 
 5.93116000e-03  2.65000000e+00  2.64277860e+00 
 5.94116000e-03  2.65000000e+00  2.64285045e+00 
 5.95116000e-03  2.65000000e+00  2.64292159e+00 
 5.96116000e-03  2.65000000e+00  2.64299202e+00 
 5.97116000e-03  2.65000000e+00  2.64306175e+00 
 5.98116000e-03  2.65000000e+00  2.64313079e+00 
 5.99116000e-03  2.65000000e+00  2.64319914e+00 
 6.00116000e-03  2.65000000e+00  2.64326681e+00 
 6.01116000e-03  2.65000000e+00  2.64333381e+00 
 6.02116000e-03  2.65000000e+00  2.64340014e+00 
 6.03116000e-03  2.65000000e+00  2.64346581e+00 
 6.04116000e-03  2.65000000e+00  2.64353083e+00 
 6.05116000e-03  2.65000000e+00  2.64359520e+00 
 6.06116000e-03  2.65000000e+00  2.64365893e+00 
 6.07116000e-03  2.65000000e+00  2.64372202e+00 
 6.08116000e-03  2.65000000e+00  2.64378449e+00 
 6.09116000e-03  2.65000000e+00  2.64384633e+00 
 6.10116000e-03  2.65000000e+00  2.64390756e+00 
 6.11116000e-03  2.65000000e+00  2.64396819e+00 
 6.12116000e-03  2.65000000e+00  2.64402820e+00 
 6.13116000e-03  2.65000000e+00  2.64408762e+00 
 6.14116000e-03  2.65000000e+00  2.64414645e+00 
 6.15116000e-03  2.65000000e+00  2.64420470e+00 
 6.16116000e-03  2.65000000e+00  2.64426236e+00 
 6.17116000e-03  2.65000000e+00  2.64431945e+00 
 6.18116000e-03  2.65000000e+00  2.64437598e+00 
 6.19116000e-03  2.65000000e+00  2.64443194e+00 
 6.20116000e-03  2.65000000e+00  2.64448734e+00 
 6.21116000e-03  2.65000000e+00  2.64454219e+00 
 6.22116000e-03  2.65000000e+00  2.64459650e+00 
 6.23116000e-03  2.65000000e+00  2.64465027e+00 
 6.24116000e-03  2.65000000e+00  2.64470350e+00 
 6.25116000e-03  2.65000000e+00  2.64475620e+00 
 6.26116000e-03  2.65000000e+00  2.64480838e+00 
 6.27116000e-03  2.65000000e+00  2.64486003e+00 
 6.28116000e-03  2.65000000e+00  2.64491118e+00 
 6.29116000e-03  2.65000000e+00  2.64496181e+00 
 6.30116000e-03  2.65000000e+00  2.64501194e+00 
 6.31116000e-03  2.65000000e+00  2.64506158e+00 
 6.32116000e-03  2.65000000e+00  2.64511072e+00 
 6.33116000e-03  2.65000000e+00  2.64515936e+00 
 6.34116000e-03  2.65000000e+00  2.64520753e+00 
 6.35116000e-03  2.65000000e+00  2.64525522e+00 
 6.36116000e-03  2.65000000e+00  2.64530243e+00 
 6.37116000e-03  2.65000000e+00  2.64534917e+00 
 6.38116000e-03  2.65000000e+00  2.64539545e+00 
 6.39116000e-03  2.65000000e+00  2.64544126e+00 
 6.40116000e-03  2.65000000e+00  2.64548662e+00 
 6.41116000e-03  2.65000000e+00  2.64553153e+00 
 6.42116000e-03  2.65000000e+00  2.64557600e+00 
 6.43116000e-03  2.65000000e+00  2.64562002e+00 
 6.44116000e-03  2.65000000e+00  2.64566360e+00 
 6.45116000e-03  2.65000000e+00  2.64570675e+00 
 6.46116000e-03  2.65000000e+00  2.64574946e+00 
 6.47116000e-03  2.65000000e+00  2.64579176e+00 
 6.48116000e-03  2.65000000e+00  2.64583363e+00 
 6.49116000e-03  2.65000000e+00  2.64587509e+00 
 6.50116000e-03  2.65000000e+00  2.64591613e+00 
 6.51116000e-03  2.65000000e+00  2.64595677e+00 
 6.52116000e-03  2.65000000e+00  2.64599700e+00 
 6.53116000e-03  2.65000000e+00  2.64603683e+00 
 6.54116000e-03  2.65000000e+00  2.64607626e+00 
 6.55116000e-03  2.65000000e+00  2.64611531e+00 
 6.56116000e-03  2.65000000e+00  2.64615396e+00 
 6.57116000e-03  2.65000000e+00  2.64619223e+00 
 6.58116000e-03  2.65000000e+00  2.64623012e+00 
 6.59116000e-03  2.65000000e+00  2.64626763e+00 
 6.60116000e-03  2.65000000e+00  2.64630477e+00 
 6.61116000e-03  2.65000000e+00  2.64634154e+00 
 6.62116000e-03  2.65000000e+00  2.64637794e+00 
 6.63116000e-03  2.65000000e+00  2.64641398e+00 
 6.64116000e-03  2.65000000e+00  2.64644966e+00 
 6.65116000e-03  2.65000000e+00  2.64648499e+00 
 6.66116000e-03  2.65000000e+00  2.64651996e+00 
 6.67116000e-03  2.65000000e+00  2.64655459e+00 
 6.68116000e-03  2.65000000e+00  2.64658887e+00 
 6.69116000e-03  2.65000000e+00  2.64662281e+00 
 6.70116000e-03  2.65000000e+00  2.64665642e+00 
 6.71116000e-03  2.65000000e+00  2.64668969e+00 
 6.72116000e-03  2.65000000e+00  2.64672263e+00 
 6.73116000e-03  2.65000000e+00  2.64675524e+00 
 6.74116000e-03  2.65000000e+00  2.64678752e+00 
 6.75116000e-03  2.65000000e+00  2.64681949e+00 
 6.76116000e-03  2.65000000e+00  2.64685113e+00 
 6.77116000e-03  2.65000000e+00  2.64688247e+00 
 6.78116000e-03  2.65000000e+00  2.64691349e+00 
 6.79116000e-03  2.65000000e+00  2.64694420e+00 
 6.80116000e-03  2.65000000e+00  2.64697460e+00 
 6.81116000e-03  2.65000000e+00  2.64700471e+00 
 6.82116000e-03  2.65000000e+00  2.64703451e+00 
 6.83116000e-03  2.65000000e+00  2.64706402e+00 
 6.84116000e-03  2.65000000e+00  2.64709323e+00 
 6.85116000e-03  2.65000000e+00  2.64712216e+00 
 6.86116000e-03  2.65000000e+00  2.64715079e+00 
 6.87116000e-03  2.65000000e+00  2.64717914e+00 
 6.88116000e-03  2.65000000e+00  2.64720721e+00 
 6.89116000e-03  2.65000000e+00  2.64723500e+00 
 6.90116000e-03  2.65000000e+00  2.64726251e+00 
 6.91116000e-03  2.65000000e+00  2.64728975e+00 
 6.92116000e-03  2.65000000e+00  2.64731672e+00 
 6.93116000e-03  2.65000000e+00  2.64734342e+00 
 6.94116000e-03  2.65000000e+00  2.64736985e+00 
 6.95116000e-03  2.65000000e+00  2.64739602e+00 
 6.96116000e-03  2.65000000e+00  2.64742193e+00 
 6.97116000e-03  2.65000000e+00  2.64744758e+00 
 6.98116000e-03  2.65000000e+00  2.64747298e+00 
 6.99116000e-03  2.65000000e+00  2.64749812e+00 
 7.00116000e-03  2.65000000e+00  2.64752302e+00 
 7.01116000e-03  2.65000000e+00  2.64754767e+00 
 7.02116000e-03  2.65000000e+00  2.64757207e+00 
 7.03116000e-03  2.65000000e+00  2.64759623e+00 
 7.04116000e-03  2.65000000e+00  2.64762014e+00 
 7.05116000e-03  2.65000000e+00  2.64764382e+00 
 7.06116000e-03  2.65000000e+00  2.64766727e+00 
 7.07116000e-03  2.65000000e+00  2.64769048e+00 
 7.08116000e-03  2.65000000e+00  2.64771346e+00 
 7.09116000e-03  2.65000000e+00  2.64773621e+00 
 7.10116000e-03  2.65000000e+00  2.64775874e+00 
 7.11116000e-03  2.65000000e+00  2.64778104e+00 
 7.12116000e-03  2.65000000e+00  2.64780312e+00 
 7.13116000e-03  2.65000000e+00  2.64782498e+00 
 7.14116000e-03  2.65000000e+00  2.64784662e+00 
 7.15116000e-03  2.65000000e+00  2.64786805e+00 
 7.16116000e-03  2.65000000e+00  2.64788926e+00 
 7.17116000e-03  2.65000000e+00  2.64791026e+00 
 7.18116000e-03  2.65000000e+00  2.64793105e+00 
 7.19116000e-03  2.65000000e+00  2.64795164e+00 
 7.20116000e-03  2.65000000e+00  2.64797202e+00 
 7.21116000e-03  2.65000000e+00  2.64799220e+00 
 7.22116000e-03  2.65000000e+00  2.64801218e+00 
 7.23116000e-03  2.65000000e+00  2.64803196e+00 
 7.24116000e-03  2.65000000e+00  2.64805154e+00 
 7.25116000e-03  2.65000000e+00  2.64807093e+00 
 7.26116000e-03  2.65000000e+00  2.64809012e+00 
 7.27116000e-03  2.65000000e+00  2.64810913e+00 
 7.28116000e-03  2.65000000e+00  2.64812794e+00 
 7.29116000e-03  2.65000000e+00  2.64814657e+00 
 7.30116000e-03  2.65000000e+00  2.64816501e+00 
 7.31116000e-03  2.65000000e+00  2.64818327e+00 
 7.32116000e-03  2.65000000e+00  2.64820135e+00 
 7.33116000e-03  2.65000000e+00  2.64821924e+00 
 7.34116000e-03  2.65000000e+00  2.64823696e+00 
 7.35116000e-03  2.65000000e+00  2.64825451e+00 
 7.36116000e-03  2.65000000e+00  2.64827187e+00 
 7.37116000e-03  2.65000000e+00  2.64828907e+00 
 7.38116000e-03  2.65000000e+00  2.64830609e+00 
 7.39116000e-03  2.65000000e+00  2.64832295e+00 
 7.40116000e-03  2.65000000e+00  2.64833964e+00 
 7.41116000e-03  2.65000000e+00  2.64835616e+00 
 7.42116000e-03  2.65000000e+00  2.64837251e+00 
 7.43116000e-03  2.65000000e+00  2.64838871e+00 
 7.44116000e-03  2.65000000e+00  2.64840474e+00 
 7.45116000e-03  2.65000000e+00  2.64842061e+00 
 7.46116000e-03  2.65000000e+00  2.64843633e+00 
 7.47116000e-03  2.65000000e+00  2.64845189e+00 
 7.48116000e-03  2.65000000e+00  2.64846729e+00 
 7.49116000e-03  2.65000000e+00  2.64848254e+00 
 7.50116000e-03  2.65000000e+00  2.64849764e+00 
 7.51116000e-03  2.65000000e+00  2.64851259e+00 
 7.52116000e-03  2.65000000e+00  2.64852739e+00 
 7.53116000e-03  2.65000000e+00  2.64854204e+00 
 7.54116000e-03  2.65000000e+00  2.64855655e+00 
 7.55116000e-03  2.65000000e+00  2.64857091e+00 
 7.56116000e-03  2.65000000e+00  2.64858513e+00 
 7.57116000e-03  2.65000000e+00  2.64859921e+00 
 7.58116000e-03  2.65000000e+00  2.64861315e+00 
 7.59116000e-03  2.65000000e+00  2.64862695e+00 
 7.60116000e-03  2.65000000e+00  2.64864061e+00 
 7.61116000e-03  2.65000000e+00  2.64865414e+00 
 7.62116000e-03  2.65000000e+00  2.64866753e+00 
 7.63116000e-03  2.65000000e+00  2.64868079e+00 
 7.64116000e-03  2.65000000e+00  2.64869391e+00 
 7.65116000e-03  2.65000000e+00  2.64870691e+00 
 7.66116000e-03  2.65000000e+00  2.64871978e+00 
 7.67116000e-03  2.65000000e+00  2.64873251e+00 
 7.68116000e-03  2.65000000e+00  2.64874513e+00 
 7.69116000e-03  2.65000000e+00  2.64875761e+00 
 7.70116000e-03  2.65000000e+00  2.64876997e+00 
 7.71116000e-03  2.65000000e+00  2.64878221e+00 
 7.72116000e-03  2.65000000e+00  2.64879433e+00 
 7.73116000e-03  2.65000000e+00  2.64880633e+00 
 7.74116000e-03  2.65000000e+00  2.64881821e+00 
 7.75116000e-03  2.65000000e+00  2.64882996e+00 
 7.76116000e-03  2.65000000e+00  2.64884161e+00 
 7.77116000e-03  2.65000000e+00  2.64885313e+00 
 7.78116000e-03  2.65000000e+00  2.64886454e+00 
 7.79116000e-03  2.65000000e+00  2.64887584e+00 
 7.80116000e-03  2.65000000e+00  2.64888703e+00 
 7.81116000e-03  2.65000000e+00  2.64889810e+00 
 7.82116000e-03  2.65000000e+00  2.64890907e+00 
 7.83116000e-03  2.65000000e+00  2.64891992e+00 
 7.84116000e-03  2.65000000e+00  2.64893067e+00 
 7.85116000e-03  2.65000000e+00  2.64894131e+00 
 7.86116000e-03  2.65000000e+00  2.64895184e+00 
 7.87116000e-03  2.65000000e+00  2.64896227e+00 
 7.88116000e-03  2.65000000e+00  2.64897260e+00 
 7.89116000e-03  2.65000000e+00  2.64898282e+00 
 7.90116000e-03  2.65000000e+00  2.64899294e+00 
 7.91116000e-03  2.65000000e+00  2.64900296e+00 
 7.92116000e-03  2.65000000e+00  2.64901288e+00 
 7.93116000e-03  2.65000000e+00  2.64902271e+00 
 7.94116000e-03  2.65000000e+00  2.64903243e+00 
 7.95116000e-03  2.65000000e+00  2.64904206e+00 
 7.96116000e-03  2.65000000e+00  2.64905159e+00 
 7.97116000e-03  2.65000000e+00  2.64906103e+00 
 7.98116000e-03  2.65000000e+00  2.64907037e+00 
 7.99116000e-03  2.65000000e+00  2.64907962e+00 
 8.00000000e-03  2.65000000e+00  2.64908772e+00 
